"t","W","Q","kg","Qs.obs","h","Fr","U","Ustar","UUstar","tau","shields","k","hk","kh","Re","sumks","ks","Qs.pred"
NA,NA,NA,NA,NA,0.047,0.795262175988199,0.54,0.193729445361308,2.7873924843634,NA,NA,0.016621618693628,2.82764277452819,0.353651461566554,2463.73142350704,0.00889679504642553,0.019689037474461,NA
NA,NA,NA,NA,NA,0.052,0.882072685784086,0.63,0.204273874981604,3.08409482150733,NA,NA,0.0174050094221778,2.9876456104494,0.334711719657265,2720.26680853832,0.010690092070274,0.0182537776252835,NA
NA,NA,NA,NA,NA,0.061,0.840260475378228,0.65,0.220433418519062,2.94873619602189,NA,NA,0.0186211550494926,3.27584405144955,0.305264836876927,3140.56990385091,0.0134603238905715,0.021946422532296,NA
NA,NA,NA,NA,NA,0.082,0.847368201198321,0.76,0.256674887747126,2.96094412145509,NA,NA,0.0179711164906611,4.56287732832917,0.219159957203184,3529.25348732285,0.0138530650186648,0.0233548020124257,NA
NA,NA,NA,NA,NA,0.035,0.921563433088448,0.54,0.167998124989537,3.21432158861078,NA,NA,0.0239503154538564,1.46135862249632,0.684294727253041,3078.50657165708,0.0231812115250259,0.02748248524243,NA
NA,NA,NA,NA,NA,0.05,0.928098029902592,0.65,0.199325111313151,3.26100407378583,NA,NA,0.0209485228159872,2.38680313830251,0.418970456319744,3194.77172313904,0.0116101723844747,0.030618776820564,NA
NA,NA,NA,NA,NA,0.049,0.951943980138458,0.66,0.195854696139766,3.36984516076659,NA,NA,0.0171324591960721,2.86006809876039,0.349642024409635,2567.30879110455,0.0086066326808799,0.012235971296135,NA
NA,NA,NA,NA,NA,0.043,0.677460448036607,0.44,0.215017599279687,2.04634412008137,NA,NA,0.0345836397911645,1.24336247600479,0.80427069281778,5689.43473775796,0.0114462308809217,0.0228140022603773,NA
NA,NA,NA,NA,NA,0.05,0.728199992692803,0.51,0.231753640748101,2.20061267798736,NA,NA,0.0349911286291076,1.42893361714567,0.699822572582152,6204.53056899832,0.0101445394454849,0.0194315433657647,NA
NA,NA,NA,NA,NA,0.057,0.762259637755851,0.57,0.246766312530702,2.30987769016925,NA,NA,0.0340535267644534,1.67383544131174,0.597430294113217,6429.42863682457,0.01191576591682,0.0171891888443,NA
NA,NA,NA,NA,NA,0.063,0.801374965208164,0.63,0.260972998603304,2.41404284493677,NA,NA,0.038094499385849,1.65378206868897,0.604674593426175,7606.45427315741,0.014491894344505,0.024782181537166,NA
NA,NA,NA,NA,NA,0.073,0.744465567216945,0.63,0.280028989570723,2.24976707220839,NA,NA,0.0365570791921965,1.99687725641885,0.500781906742418,7832.47279865929,0.0181955285965271,0.034445612155138,NA
NA,NA,NA,NA,NA,0.075,0.851055190418914,0.73,0.27754823905044,2.63017341597089,NA,NA,0.0283460623576759,2.64587014074957,0.377947498102346,6019.43358178034,0.0178504071019235,0.0338705297002827,NA
NA,NA,NA,NA,NA,0.036,0.858191921488459,0.51,0.191923390966292,2.65731028110885,NA,NA,0.0223147038648126,1.6132860296106,0.619852885133685,3276.7510590233,0.00919825518152616,0.0196843427041482,NA
NA,NA,NA,NA,NA,0.045,0.857894917872889,0.57,0.21467971492435,2.655118114913,NA,NA,0.022402546265032,2.00870023735829,0.497834361445157,3679.70332498595,0.0104447908356894,0.029476907560669,NA
NA,NA,NA,NA,NA,0.05,0.928098029902592,0.65,0.226617188227195,2.86827316623637,NA,NA,0.0279165417463689,1.7910527906453,0.558330834927378,4840.37352378671,0.0139064900148592,0.0368031122596637,NA
NA,NA,NA,NA,NA,0.061,0.840260475378228,0.65,0.169833335950278,3.82728158970098,NA,NA,0.0132215679131073,4.61367368839268,0.216747014968972,1718.02829776294,0.00748883348276305,0.0116710999997608,NA
NA,NA,NA,NA,NA,0.099,0.872662573067582,0.86,0.213876246927984,4.02101688407492,NA,NA,0.0220877703944404,4.48211830492945,0.223108791863034,3614.42190892881,0.0153291623413039,0.0214758960223867,NA
NA,NA,NA,NA,NA,0.112,0.887236568623324,0.93,0.230841763985636,4.02873372626744,NA,NA,0.0255924127673345,4.37629703061658,0.22850368542263,4520.12066400919,0.0154903282539154,0.0362756588739438,NA
NA,NA,NA,NA,NA,0.126,0.890462056270012,0.99,0.246855743299604,4.01043940386858,NA,NA,0.0267177705334248,4.71596235330975,0.212045797884324,5046.23955955382,0.020669977231531,0.0273901258093698,NA
NA,NA,NA,NA,NA,0.134,0.976857285353438,1.12,0.25066912853401,4.46804122450221,NA,NA,0.0292554579386982,4.58034190682584,0.21832431297536,5610.8952917803,0.017716173299205,0.0419072052258337,NA
NA,NA,NA,NA,NA,0.145,0.964227104889459,1.15,0.253527608259929,4.5359951442486,NA,NA,0.0287402778293784,5.04518435280331,0.198208812616403,5574.94559970021,0.0176416086871191,0.0409299725385144,NA
NA,NA,NA,NA,NA,0.11,1.09742286629002,1.14,0.218888190636224,5.20813844130401,NA,NA,0.0273917522948716,4.01580734287652,0.249015929953378,4587.3994630299,0.0152195174783016,0.0190408412773742,NA
NA,NA,NA,NA,NA,0.041,0.725322917277428,0.46,0.178367068148804,2.57895139934824,NA,NA,0.0111847347552242,3.66571053290734,0.272798408664004,1526.3874111028,0.00715357239717973,0.0137450492002326,NA
NA,NA,NA,NA,NA,0.046,0.803859854784914,0.54,0.188930320488798,2.85819660181023,NA,NA,0.0108699961649281,4.23183221981424,0.236304264454959,1571.28680883847,0.00688795830133361,0.0160434753536712,NA
NA,NA,NA,NA,NA,0.055,0.803223050603305,0.59,0.206587523824649,2.85593238680178,NA,NA,0.0138169538106165,3.98061691121381,0.251217342011208,2183.94053139618,0.00995730281964225,0.0198650410302336,NA
NA,NA,NA,NA,NA,0.061,0.840260475378228,0.65,0.217426746284812,2.98951261105913,NA,NA,0.0143201767668995,4.2597239540366,0.23475699617868,2382.24134709281,0.0102461436283634,0.0242426412750073,NA
NA,NA,NA,NA,NA,0.072,0.832908488374121,0.7,0.236218712213914,2.96335541515482,NA,NA,0.0189165530584521,3.80619025979628,0.262729903589613,3418.85524330049,0.0140853887012352,0.0283086716784697,NA
NA,NA,NA,NA,NA,0.087,0.779360456180591,0.72,0.259990045963302,2.76933679261562,NA,NA,0.0238651024628217,3.64549031941233,0.274311522561169,4747.27550591273,0.0168903682800436,0.0452491139031051,NA
NA,NA,NA,NA,NA,0.09,0.744975999616451,0.7,0.260905327657371,2.68296552732439,NA,NA,0.0289355769172099,3.11035789116999,0.321506410191221,5776.16386881385,0.0208999590781337,0.0418875086890973,NA
NA,NA,NA,NA,NA,0.095,0.859769007890191,0.83,0.268402188888243,3.09237418456969,NA,NA,0.032606210820051,2.9135553506751,0.343223271790011,6695.92835153267,0.0217381233468453,0.0961748484922251,NA
NA,NA,NA,NA,NA,0.112,0.820455321522644,0.86,0.295175364825725,2.91352227347209,NA,NA,0.032563783565638,3.43940377119399,0.290748067550339,7354.26678966575,0.0249961112825905,0.0778955404664859,NA
NA,NA,NA,NA,NA,0.051,0.90481623035032,0.64,0.197038209492474,3.24810097314879,NA,NA,0.0214167350878421,2.38131534946014,0.419935982114551,3228.70324015535,0.0094714831022841,0.0251194581180413,NA
NA,NA,NA,NA,NA,0.068,0.893786725164203,0.73,0.228398021007188,3.19617480388337,NA,NA,0.0212908094022467,3.19386636342836,0.313100138268334,3720.56521278836,0.0128201755255157,0.0323391144827529,NA
NA,NA,NA,NA,NA,0.068,0.906030378933576,0.74,0.22545841301668,3.28220175995496,NA,NA,0.022811710573039,2.98092507277244,0.335466331956455,3935.03600917612,0.0119599929625607,0.0369916629044776,NA
NA,NA,NA,NA,NA,0.059,1.11727071671123,0.85,0.207653208499171,4.09336319021237,NA,NA,0.0222304122939909,2.65402185167516,0.376786649050693,3531.91770398364,0.0142625392979274,0.0267554714484761,NA
NA,NA,NA,NA,NA,0.082,0.847368201198321,0.76,0.244640241988108,3.10660255166419,NA,NA,0.0287130266836703,2.85584661287677,0.350158861995979,5374.41606434896,0.0135883102510952,0.0313881732528012,NA
NA,NA,NA,NA,NA,0.092,0.915779326601074,0.87,0.258779798284178,3.36193167228847,NA,NA,0.0343001503229423,2.68220398843162,0.372827720901547,6791.26700970773,0.015530454639305,0.0347704422740949,NA
NA,NA,NA,NA,NA,0.118,0.762146299023866,0.82,0.306398005868184,2.67625762666606,NA,NA,0.0398516135551872,2.96098424814322,0.337725538603281,9342.35265794863,0.0271976211409152,0.0659292676949932,NA
NA,NA,NA,NA,NA,0.043,0.677460448036607,0.44,0.184275106837576,2.38773433672637,NA,NA,0.0145566939427625,2.95396744405547,0.338527766110757,2052.36138600188,0.0113853730529712,0.0140128880941028,NA
NA,NA,NA,NA,NA,0.05,0.728199992692803,0.51,0.198338347275558,2.57136356637801,NA,NA,0.0152373959214753,3.28140059217934,0.304747918429505,2312.28762344968,0.0126955534575859,0.0161408775372014,NA
NA,NA,NA,NA,NA,0.056,0.782527261570617,0.58,0.209770674785586,2.76492412770679,NA,NA,0.0150978730752731,3.70913172476693,0.269604876344163,2423.17599298177,0.0123576581599549,0.0189933915459962,NA
NA,NA,NA,NA,NA,0.063,0.801374965208164,0.63,0.223465487268169,2.81922728964393,NA,NA,0.0155884726076979,4.04144790740366,0.247436073138062,2665.25296637009,0.0138057611348835,0.0184971025026028,NA
NA,NA,NA,NA,NA,0.075,0.839396900139203,0.72,0.238943926476485,3.0132592638669,NA,NA,0.023351233262814,3.21182179784204,0.31134977683752,4269.04006418139,0.0180023927985766,0.0217869873644411,NA
NA,NA,NA,NA,NA,0.037,0.846515296838048,0.51,0.167828698380223,3.03881281879796,NA,NA,0.0178887312179587,2.06834121152513,0.483479222106992,2297.04856616961,0.00749111303874294,0.0117459114218122,NA
NA,NA,NA,NA,NA,0.037,0.829916957684361,0.5,0.167828698380223,2.97922825372349,NA,NA,0.0188863408297952,1.95908780496159,0.510441644048519,2425.14919558516,0.014508444145887,0.01640006756505,NA
NA,NA,NA,NA,NA,0.035,0.921563433088448,0.54,0.162808537859659,3.31677937225553,NA,NA,0.0176580999689407,1.98209320717192,0.504517141969734,2199.60936290966,0.00850608102541312,0.0110578143624098,NA
NA,NA,NA,NA,NA,0.034,0.969647907964247,0.56,0.160777330491584,3.48307810739098,NA,NA,0.0158536201929576,2.14462057159054,0.466282946851693,1950.19336897566,0.00671371849868522,0.00929934738058677,NA
NA,NA,NA,NA,NA,0.05,0.928098029902592,0.65,0.195348150746302,3.32739264496111,NA,NA,0.0194445560977917,2.57141380592784,0.388891121955835,2906.24183304235,0.00907549586376215,0.0134885332573617,NA
NA,NA,NA,NA,NA,0.058,0.901488959357445,0.68,0.209719226586405,3.24243042027354,NA,NA,0.0205979937170117,2.81580821884116,0.355137822707098,3305.12265613108,0.0107657645146668,0.0146745511363552,NA
NA,NA,NA,NA,NA,0.055,0.993818350746463,0.73,0.203694366637863,3.58380063253211,NA,NA,0.0200673562854391,2.74076959703496,0.36486102337162,3127.47316653317,0.0104664405167341,0.0127961429837932,NA
NA,NA,NA,NA,NA,0.047,0.647991402657051,0.44,0.192894657779836,2.28103776985987,NA,NA,0.0145644124531756,3.22704401232143,0.309881116025012,2149.50065487352,0.0093969011335354,0.0169242692593701,NA
NA,NA,NA,NA,NA,0.073,0.744465567216945,0.63,0.24069673242485,2.6174015478033,NA,NA,0.0190117642619423,3.83972781243302,0.260435126875922,3501.20086876898,0.0143693980101096,0.019283169593387,NA
NA,NA,NA,NA,NA,0.081,0.863801019014527,0.77,0.253856004459221,3.03321562804984,NA,NA,0.0227530426918459,3.55996343421042,0.280901761627727,4419.27812321506,0.0188542189939476,0.030463663086238,NA
NA,NA,NA,NA,NA,0.1,0.858191921488459,0.85,0.280667596989749,3.02849352442721,NA,NA,0.0245223973197793,4.07790472913274,0.245223973197793,5265.98494886787,0.022123457321775,0.028030472124176,NA
NA,NA,NA,NA,NA,0.109,0.851010501819013,0.88,0.296652266129892,2.96643612900865,NA,NA,0.0328322129915362,3.31991023657464,0.301212963225103,7451.98958377849,0.0234543570945415,0.0611148119289315,NA
NA,NA,NA,NA,NA,0.068,0.820324802547967,0.67,0.234166556109108,2.86121131528201,NA,NA,0.0248544860685455,2.73592460582225,0.365507148066845,4453.01408303986,0.0154638121400249,0.0286167354331425,NA
NA,NA,NA,NA,NA,0.065,0.876610882892902,0.7,0.22908207044638,3.05567344766882,NA,NA,0.0242060999786482,2.68527354911925,0.372401538133048,4242.68056659585,0.013345646540908,0.0273927505914301,NA
NA,NA,NA,NA,NA,0.06,0.990611723540648,0.76,0.220094934062554,3.45305539737683,NA,NA,0.0223384671831327,2.68594973451467,0.372307786385545,3761.73179933444,0.0094061617898496,0.0199954186804185,NA
NA,NA,NA,NA,NA,0.075,0.967638093216025,0.83,0.246073617033602,3.37297435623365,NA,NA,0.0243959472968538,3.07428111265318,0.325279297291384,4593.11323052635,0.0131446364836484,0.0304798859629524,NA
NA,NA,NA,NA,NA,0.089,1.00600084749573,0.94,0.267732495226112,3.51096716596216,NA,NA,0.0247910676907602,3.59000270218983,0.278551322368092,5078.32778283601,0.0143109369063395,0.0301823673461886,NA
NA,NA,NA,NA,NA,0.047,0.589083093324592,0.4,0.190368332450542,2.10118980846734,NA,NA,0.0146309659978374,3.21236478896521,0.311297148890157,2131.04253951712,0.00907463793333191,0.0166654594327971,NA
NA,NA,NA,NA,NA,0.056,0.70157616554607,0.52,0.208325322512651,2.49609597973104,NA,NA,0.0167443697544273,3.34440775145887,0.299006602757629,2668.91830861678,0.0122799553515418,0.0218067902396584,NA
NA,NA,NA,NA,NA,0.065,0.801472807216367,0.64,0.223730920974281,2.86057911536319,NA,NA,0.0205577793346561,3.16182010429617,0.316273528225479,3519.05960499515,0.0128069644183613,0.0212318496288837,NA
NA,NA,NA,NA,NA,0.077,0.83992980756065,0.73,0.242420679810944,3.01129425331743,NA,NA,0.0240808150715405,3.1975661858307,0.312737858071954,4466.47862283432,0.0148285504614703,0.0269927898285556,NA
NA,NA,NA,NA,NA,0.083,0.941988011913111,0.85,0.250553652936851,3.39248695852873,NA,NA,0.0227347764754396,3.65079463568357,0.27391296958361,4358.2871420231,0.0160114466857641,0.0212759417450838,NA
NA,NA,NA,NA,NA,0.09,0.989753828061857,0.93,0.259207812382266,3.58785482371374,NA,NA,0.0269776367228764,3.3360965204073,0.299751519143071,5350.27865201245,0.0185389516094006,0.0273922600377144,NA
NA,NA,NA,NA,NA,0.098,0.999490186048945,0.98,0.271724095361453,3.60659954979842,NA,NA,0.0288713806362952,3.39436486375719,0.294605924860155,6002.3334240501,0.0241345982452619,0.0275869954707319,NA
NA,NA,NA,NA,NA,0.104,1.02963231860643,1.04,0.278640025839792,3.73241423900083,NA,NA,0.0294333281904087,3.53340945091931,0.283012771061623,6274.90690705935,0.022261548194341,0.0260229769076183,NA
NA,NA,NA,NA,NA,0.108,0.748073626281465,0.77,0.294569876260286,2.6139807972748,NA,NA,0.0291802260679646,3.70113650759435,0.270187278407079,6576.59952722837,0.0205080194481651,0.0345466184505432,NA
NA,NA,NA,NA,NA,0.081,0.975982969535894,0.87,0.256347902273453,3.39382531428694,NA,NA,0.0261919178537746,3.09255704191691,0.323357010540428,5137.14093216047,0.0161809289764297,0.0259656021695472,NA
NA,NA,NA,NA,NA,0.075,1.09587928629285,0.94,0.246670883972957,3.81074565777716,NA,NA,0.0242860101202857,3.08819767547382,0.323813468270477,4583.51307157388,0.0167532304073451,0.0247746980418107,NA
NA,NA,NA,NA,NA,0.072,1.17797057641483,0.99,0.242416633092698,4.08387818678032,NA,NA,0.0237522137780564,3.03129639505508,0.329891858028561,4405.45653601717,0.0119691499321532,0.0203668154756164,NA
NA,NA,NA,NA,NA,0.046,0.610338037892249,0.41,0.190002105251495,2.15787082704851,NA,NA,0.0168891773893055,2.72363768463512,0.367156030202294,2455.22514149502,0.0107250332441746,0.0200442636447977,NA
NA,NA,NA,NA,NA,0.069,0.729276469974378,0.6,0.232994802517138,2.57516473980516,NA,NA,0.0224727663930771,3.07038300461557,0.325692266566335,4006.14978406181,0.0203667810435358,0.0298760895412617,NA
NA,NA,NA,NA,NA,0.082,0.769321130035318,0.69,0.254155318653771,2.71487531189527,NA,NA,0.0232709340961016,3.52370900374545,0.283791879220751,4525.196381458,0.0214673002585972,0.0279283172053749,NA
NA,NA,NA,NA,NA,0.086,0.892750543113037,0.82,0.254710529817674,3.21934079673491,NA,NA,0.0296248087657244,2.90297232566447,0.344474520531679,5773.3364471805,0.0230849476979022,0.0277574078930961,NA
NA,NA,NA,NA,NA,0.097,0.881613192625276,0.86,0.27033419317578,3.1812475880208,NA,NA,0.0271798615638089,3.56881876577177,0.280204758389782,5621.76430488269,0.0225588457358938,0.0404196520937079,NA
NA,NA,NA,NA,NA,0.073,0.909902359931822,0.77,0.234823359144698,3.27906049383071,NA,NA,0.0238483974105991,3.06100232829717,0.326690375487658,4284.74429240597,0.0139461621751667,0.028899921695239,NA
NA,NA,NA,NA,NA,0.072,0.928098029902592,0.78,0.232754686311576,3.3511677567508,NA,NA,0.0239289217946158,3.00891116691269,0.332346136036331,4261.33793885236,0.0129291380187876,0.0274745477247123,NA
NA,NA,NA,NA,NA,0.067,1.03611361608735,0.84,0.224234598133294,3.74607668483286,NA,NA,0.0227689295903987,2.94260649074399,0.33983477000595,3906.33647790996,0.011334970058263,0.0244807669483802,NA
NA,NA,NA,NA,NA,0.08,1.00464010119325,0.89,0.245664649471592,3.6228248627319,NA,NA,0.0224481378494728,3.56376999002966,0.28060172311841,4219.36795415509,0.0138722945694852,0.0246999718911639,NA
NA,NA,NA,NA,NA,0.093,0.942250836061501,0.9,0.257184612681241,3.49943175300101,NA,NA,0.0390462837603741,2.38178876562846,0.419852513552409,7683.32315650623,0.0183842077050422,0.0274115406594175,NA
